2019 848
2020 805
2018 774
2021 758
2017 580
2016 371
2015 236
2022 217
2014 160
2013 142
2012 110
2011 105
2010 73
2008 66
2009 63
2007 53
2006 52
2005 37
2004 35
2003 33
1998 26
2001 24
1993 21
2002 21
1997 15
1991 14
1994 13
2000 13
1999 13
1995 12
1989 10
1996 8
1982 8
1988 7
1979 7
1990 7
1987 6
1986 6
1980 5
1984 5
1981 4
1992 4
1976 4
1983 3
1973 3
1966 2
1972 2
1985 2
1971 2
1969 2
1954 2
1975 2
1964 1
1967 1
1961 1
1963 1
1958 1
1968 1
1977 1
1960 1
1956 1
1953 1
1974 1
1959 1
1962 1
1978 1
1945 1
